-9.188287473471455913e-01 -2.448265807174481878e+01 -1.896921850774758056e+01
0.000000000000000000e+00 0.000000000000000000e+00 0.000000000000000000e+00
-1.377345061553276184e-01 -6.696435447066470203e+00 -1.830910198504475872e+01
-4.963551632631666877e+00 2.416516350382489620e+01 -6.174770825643984828e+00
1.779457798560182546e-01 7.174837618362873926e+00 3.002767429341628880e+00
4.101952484141487276e-01 1.699018615618567907e+01 1.428590533439654253e+00
1.349847819073830557e+00 4.100862431425921528e+01 -1.341953937436091948e+01
-4.605617061001069601e+01 4.489574936277644923e+01 -3.943442058162233366e+01
1.903489320743964930e+00 5.813425683518576648e+01 -1.544536940078941001e+01
2.175586382181164069e+00 6.747366018539636912e+01 -1.261165035127497269e+01
2.912107987245670770e+00 1.018378455355215522e+02 -1.519051819307860107e+01
-1.033734757169066709e+00 -2.810323686981027436e+01 -2.022176669402496429e+01
-1.077046328350469873e+00 -3.070206371352104924e+01 -2.292938833945200372e+01
-1.035474693567960625e+00 -3.167057034914371272e+01 -2.625888415961975042e+01
-9.864172227298702023e-01 -3.336455921934552293e+01 -2.728593940705658483e+01
-1.045179513594716170e+00 -3.676636044710264173e+01 -2.664062823866222374e+01
-1.159559818308897539e+00 -4.095186154291648251e+01 -2.613840654643513162e+01
-1.152178146467537800e+00 -4.506884828634893836e+01 -2.823886178167897754e+01
-9.464030811359133155e-01 -5.058448785190887520e+01 -3.668992419535090477e+01
-2.190455519500349446e-01 -3.424456870983460632e+00 -3.835185907980204867e+00
-5.902321322882412957e+00 -2.496348208733904173e+00 -1.332979899562034021e+01
-6.933626871421655835e+01 7.240119623180562769e+01 -6.662445690847718538e+01
-2.671580746486847957e+01 3.887682144136795159e+01 -3.305457284700901965e+01
-3.322398457562860585e+01 3.818655900193809316e+01 -3.361095795400214570e+01
-3.959831668338965471e+01 3.830105237153853182e+01 -3.549570965475432871e+01
-4.831020467788418671e+01 4.225632671049715583e+01 -4.078205019534329523e+01
-2.132128455684256707e+01 4.067874522959582606e+01 -3.361165335607001481e+01
-3.574363259074608834e+01 5.494953264235955004e+01 -2.885743359693503507e+01
-2.871848165032324829e+01 5.461865383337013213e+01 -2.883678311858018617e+01
-4.217998190958650895e+01 5.399332098343794684e+01 -3.121893954430144902e+01
-4.660757091836000399e+01 5.192814790610670883e+01 -3.421422162145030654e+01
-5.318180697876364604e+01 3.755654074545834931e+01 -4.456301027076720089e+01
-2.539046919557674187e+01 -5.950910707358023899e+01 -4.618427218951777746e+01
-4.856735241609450071e+01 4.662010218434526365e+01 -4.134854008408485271e+01
-7.167852949238142912e+01 4.241668564725642199e+01 -7.372829296834387947e+01
-6.045323421615888293e+01 4.250653468679512770e+01 -5.068563979043754841e+01
-3.168138213546403392e+01 7.889727249768936801e+00 -3.123323020197915412e+01
-8.458512898929752666e+00 -2.300525419278526584e+01 -1.987550570172279052e+01
-7.266028828629321978e+00 -3.035748623277140723e+01 -2.388908321135616575e+01
-1.618239960427506929e+01 -2.485068410008717521e+01 -2.412004964521016248e+01
-2.091538717612242593e+01 -2.743625199776355572e+01 -2.903523614790479712e+01
-1.278404449614140148e+01 -3.043035220103773142e+01 -2.635491690739990034e+01
-1.693008275295119702e+01 -3.075693917517454778e+01 -3.085892920252998195e+01
-2.952720500214019239e+01 -3.766317769953909789e+01 -4.147016513873168719e+01
-5.494586560047213908e+00 2.874547361336382001e-01 -6.282208326640733587e-01
-6.269430493439969609e+00 7.159724591194231103e+00 2.145746553556631131e+00
-5.651379098335785045e+01 5.886807083367860827e+01 -3.486524132224835881e+01
-1.875252281427356849e+01 2.610967519460095332e+01 -2.754531448221871415e+01
-2.002213515754179696e+01 3.012109173483110247e+00 -1.728836620014784842e+01
-2.046602699569460171e+01 7.002816056105857001e+00 -1.896171215358247863e+01
-5.047089272636323898e+01 9.063871152989602109e+00 -3.920718474119146180e+01
-5.626652103608600797e+00 1.633313593167182987e+01 -7.779379691654459972e-01
-4.082314886354227212e+01 6.527605969511527917e+01 -2.238944130071082128e+01
-5.001076851806161727e+01 6.328428205399276152e+01 -2.773685807811048676e+01
-6.285361428919493676e+01 8.405718666449232046e+01 -5.168999788559396080e+01
-1.208823023962168008e+01 5.978401463856427966e+01 -1.722013800904949932e+01
-2.251847665361934858e+01 5.274186738587082601e+01 -3.101908551004099124e+01
-3.391094562232817111e+01 -3.080622325086919844e+01 -4.184850603859936768e+01
-6.395817938036461925e+01 -2.090945071838110891e+01 -1.017981856213458940e+02
-1.520424232881157778e+01 -8.454892983248706306e-01 -2.034877913051512621e+01
-1.001669884655582798e+01 -3.146742874630424236e+00 -2.008944659722690673e+01
-2.635077959795895453e+01 -3.149815066344879710e+01 -4.051275201491638711e+01
-2.352145237337866135e+01 -3.092019264257431388e+01 -3.862679574183211884e+01
-5.359364982741383443e+01 6.803960913157396817e+01 -3.027402744414859370e+01
-2.008511498455923316e+01 5.079987857386641242e-02 -2.144979379053625124e+01
-2.840818610135962174e+01 6.477196803018114224e+01 -1.875310546246332066e+01
-2.959688378366915273e+01 7.048175754087510825e+01 -1.662231401396108765e+01
-3.600687452953582834e+01 9.908708835691196271e+01 -2.413529694591267827e+01
-5.821430706716600412e+01 7.629270407541754651e+01 -3.927567964401147549e+01
-3.204529841719122629e+01 8.514339152652368625e+01 -1.982522147114760358e+01
-6.045731925509402771e+01 6.229510087746623981e+01 -4.011153980587656775e+01
-6.498560519451784501e+01 6.697390875572858704e+01 -5.242055941592702339e+01
-8.028125902689071225e+00 -2.734685504223270058e+01 -2.102078693962551981e+01
-1.423666786589638100e+01 -2.830228423830515538e+01 -2.485690130197074765e+01
-1.893242066493224840e+01 -2.928004255297101111e+01 -2.943741053896734527e+01
-1.348336201727155270e+01 -2.146783092135920779e+00 -2.181528745974944172e+01
-2.478892676524244720e+01 -3.141469382676443800e+01 -3.953688986457240162e+01
-2.266271549010021147e+01 -3.288447656638606986e+01 -3.610195983744836923e+01
-2.300247599975315893e+01 -3.034572218266069399e+01 -3.840484571811730774e+01
-1.212374742856017207e+01 1.200142508365617644e+00 -1.039715834872888678e+01
-1.565500702439007163e+01 -3.028792679221480100e+01 -3.205088494898826923e+01
-1.140773418817381923e+01 -3.070749911156931944e+01 -2.913710490783018869e+01
-6.410801258845467920e+00 -3.120869949914837349e+01 -2.690218579455587644e+01
-9.546607335188893373e+00 -5.017841754501745299e+01 -3.691216401122074586e+01
-9.196527494914024103e+00 -4.424989352711674684e+01 -2.852735015085247383e+01
-8.744619684197871834e+00 -3.994954564389922780e+01 -2.675208701363132135e+01
-7.935389003514570661e+00 -3.583188341823286294e+01 -2.734194610292011163e+01
-7.190328658883483826e+00 -3.298408610665474328e+01 -2.799648863729754567e+01
-1.710382477449380190e+01 -3.179085346554757763e+01 -3.306745904262120206e+01
-1.816226406075170274e+01 -3.286157725567969123e+01 -3.231029802235285331e+01
-1.978180750176970193e+01 -3.491188318507600030e+01 -3.195536587580554411e+01
-2.115697219551292818e+01 -3.734913173669668396e+01 -3.354275390215909880e+01
-2.642880706424804060e+01 -1.855765834894947730e+01 -3.075808778181672309e+01
-7.084354798734817393e+01 1.348605520726947304e+01 -1.062155080266727936e+02
-5.532831051281560109e-02 -4.538879492108615743e+00 -1.315668214425684468e+01
-1.987745365834655686e+01 -3.135761715128988314e+01 -3.618585233050178118e+01
-2.111938166189127131e+01 -3.192854545000003696e+01 -3.581007967358649324e+01
-7.954757351280095534e+00 -6.481615466599628839e+00 -2.020803637194511992e+01
-1.764672008574976303e+01 -4.238702390244406537e+00 -2.698006153087337111e+01
-8.917351148758049462e+00 -4.906183483154188174e+00 -1.995169605452641903e+01
-2.529799624089884702e+01 2.209006345546055528e+01 -3.046507296641868834e+01
-3.579931910206609302e+01 1.715071654589008432e+01 -3.302321105854775851e+01
-2.133423359054983592e+01 3.976887386259187362e+00 -2.319697150494991433e+01
-5.226774240907516145e+01 9.322024981676680966e+01 -3.677000116747807823e+01
-4.766801657045819951e+01 8.270213475900477818e+01 -2.883211576208285720e+01
-4.309652596613193509e+01 7.102750677419561498e+01 -2.275383532310059920e+01
-2.449746214626645013e+01 -4.249829286313720189e+01 -3.930106140828285533e+01
-1.401352345786183129e+01 6.884778387606147021e+01 -1.332843177619219510e+01
-1.591392252710042499e+01 8.527793308878855782e+01 -1.472257264689294587e+01
-1.821051125121827852e+01 1.015924341451197819e+02 -1.697524011380209075e+01
-4.513542190756464123e+01 3.962722492678240371e+01 -3.837557362175670761e+01
-5.994287213601793951e+01 3.252713479867242796e+01 -4.893302326059946239e+01
-1.787051828748160176e+01 4.242972787975376292e+01 -3.424882506649015568e+01
-5.370546573536336865e+01 5.041825688777586834e+01 -3.987490191513917637e+01
-1.421757275494417350e+01 3.055334401754378604e+01 -2.450405070494547388e+01
-1.632815783258242348e+01 5.411302160741866096e+00 -1.028962818215588015e+01
-6.660849739436001471e+01 2.818150018957971525e+01 -5.697512725759075636e+01
-5.551932547370922322e+01 2.704122716164239293e+01 -4.361144006056183287e+01
-4.715602705150331531e+01 2.395835930865166929e+01 -3.774134882833072879e+01
-3.464324509637058469e+01 2.526289870099590118e+01 -3.451993400107699728e+01
-2.551134824170557636e+01 2.848404373596380879e+01 -3.273225871970306144e+01
-1.895060257407711646e+01 3.178163137578255615e+01 -3.051228084757575942e+01
-5.151708872880980117e+00 3.934621277787343985e+01 -1.613687511884965886e+01
-6.513343190890678613e+01 1.323506688284025223e+01 -5.710137840243879737e+01
-5.909635532397904711e+01 5.158280743506842470e+01 -4.287300233212668132e+01
-3.407451251778167212e+00 -3.059120169066332995e+00 -4.209109580117766924e+00
-1.818885579037125311e+01 1.872026821289433585e+01 -2.587236336500736300e+01
-7.312919724976516989e+01 4.407154055604510035e+01 -9.603230892499182403e+01
-1.390908227549935461e+01 3.538327410841750975e+01 -2.895600624521322786e+01
-2.170236064309377610e+01 3.789153819635645792e+00 -3.005451127266695366e+01
-5.033683877812735830e+01 4.611319793197615269e+01 -4.261204413668098567e+01
-1.660727138231078115e+01 1.021375578476106405e+01 -1.232555458079523625e+01
-6.855761265944843785e+01 -3.254509827205965156e+00 -1.058375773305168650e+02
-1.812665249907299270e+01 4.508298652051936983e+01 -3.545233524743516540e+01
-1.139427791022383651e+01 1.403128520197494922e+01 -5.184682509831064046e+00
-5.113877125375713462e+01 -4.085910839835531050e+01 -6.812955000134429895e+01
-5.070906025079925428e+01 -4.716401478934818670e+01 -8.160511762632930299e+01
-7.082956357551447013e+01 1.307185301221691276e+01 -8.160337079300558116e+01
-5.839420680504589001e+01 -3.033001637275408058e+01 -7.522619353906640072e+01
-6.859507865576071595e+01 5.586888724342976076e+01 -6.478639755679883194e+01
-2.675397634187419982e+01 -6.593944696525647942e+01 -5.130393634594570784e+01
-2.548379584003208631e+00 -4.202659050190059808e+00 -1.367744760500057666e+01
-2.386929773162339075e+01 1.354743786475067502e+01 -2.912119249973074986e+01
-6.586442577275425947e+01 4.153964751625044016e+01 -5.743966484896800040e+01
-3.907890772376153166e+01 4.278888435086927444e+01 -3.560564667654886506e+01
-3.325677848111049428e+01 4.230442481223416706e+01 -3.396284754479202661e+01
-2.431740886759087061e+01 -3.420395130094298963e+01 -3.741593223716745342e+01
-6.321396561676661463e+01 -5.474588813903974449e-01 -6.151111557107558525e+01
-1.484934305758827833e+01 -7.526108363972777227e+01 -5.477931156936701029e+01
-3.384677142648092030e+01 -6.439213684954118833e+01 -6.606532838342339176e+01
-4.173336805942965810e+01 -5.736184682047642980e+01 -7.269292082029137703e+01
2.532516217271502779e+00 8.472608442659627315e+01 -1.329370352124371379e+01
-1.004830943524980036e+00 -7.670837262598629991e+01 -5.306428375174392187e+01
-2.782154080100128368e+01 4.281792684789370185e+01 -3.359024493522215238e+01
-2.273003907444297056e+01 4.398273559456127657e+01 -3.424407188441431060e+01
-1.953495940370136807e+01 4.460125548337138923e+01 -3.543551820621808446e+01
-6.368340881254732011e+01 5.333914493222047071e+01 -4.945814695460081367e+01
-2.379773583684339044e+01 4.956613874072139936e+01 -3.263672696375772375e+01
-2.952441607244932698e+01 5.126106329994917843e+01 -3.143669330841439447e+01
-3.541164549099173087e+01 5.153429752010858778e+01 -3.171832840292295330e+01
-4.133925595141293741e+01 5.045049223358500257e+01 -3.360337973436361381e+01
-4.497522338605004677e+01 4.872668783612870413e+01 -3.592524964243855834e+01
-7.240254019109470107e+01 5.988287295103425834e+01 -8.267495864102100711e+01
-4.311225455576184373e+01 4.378940787934752876e+01 -3.769630205205064044e+01
-3.202372075351270775e-01 -1.217567335081668212e+01 -2.028928854456952280e+01
-2.086112544117908385e+01 -1.455852150732686390e+01 -2.720235697433605182e+01
-1.542146550717771269e+01 2.078625819512663619e-01 -1.750442769812717714e+01
-8.934603187148224990e+00 -1.273911427820966580e+01 -2.099131152839894554e+01
1.655337675224569427e+00 4.992353817138578620e+01 -1.704724399318323336e+01
-4.337811637507523699e+01 -5.068045842220687547e+01 -6.307955339680602691e+01
-3.551067781367739684e+01 -5.838523418491141825e+01 -5.773554474936008063e+01
-1.548990674891333796e+01 -7.153734489148678222e+01 -4.572499991535979547e+01
-5.777559641744844754e+01 -3.576094439393047253e+01 -9.255441996595060061e+01
-1.989370348527486954e+01 4.690135648816689695e+01 -3.421645973575857624e+01
-9.908609925676268304e+00 2.789600206404058014e+01 -1.560034253259043346e+01
-1.099494935998114320e+00 -7.297100513547671596e+01 -4.423137493675336884e+01
-2.519903980662438414e+01 -7.075205602726450138e+01 -5.919595795141183459e+01
-6.844078849129410003e+01 -2.134388075448111266e+00 -8.307617050296251193e+01
-1.255585062844098765e+01 -3.232742306598234450e+01 -3.026774573135354984e+01
-1.373753579339122410e+01 -3.434495511451453353e+01 -2.938363886430632377e+01
-1.496470320961451606e+01 -3.749478086948479216e+01 -2.904782164451813742e+01
-1.597785933956527238e+01 -4.138714923816925051e+01 -3.063157463757211119e+01
-1.795796534472062689e+01 -4.691071987369992513e+01 -3.720370314398793710e+01
-2.072993212625155834e+01 -3.081636198595066034e+01 -3.492299121768093784e+01
-2.261186119054843147e+01 -3.030593698933324731e+01 -3.478082356822292809e+01
-2.453420589861211454e+01 -2.926065776185592782e+01 -3.462905903635013516e+01
-3.113051467166878439e+01 -2.424415704928251714e+01 -3.572726312974339180e+01
-5.476566717073851720e+01 -5.397363354893075282e+00 -4.848322542085382736e+01
-9.601299136372977827e+00 3.538104529878851423e+01 -2.078487007576088530e+01
-1.257746254572687761e+01 4.920239614405451789e+01 -3.028221479699893237e+01
-1.687619966339990540e+01 4.839953802074679601e+01 -3.272652469633668915e+01
-1.940126869105364094e+01 -2.984496928052985965e+01 -3.564898220147507146e+01
-5.542469127571543197e+01 -2.159865226871127675e+01 -6.089283460070738130e+01
-6.942055359049010832e+00 4.903757078704602179e+01 -2.181176332331453338e+01
-2.187151880958803574e+01 -5.302470055029710494e+01 -4.243795898248432508e+01
7.545267239751847210e-01 2.519852089103685344e+01 -3.789998762566619384e+00
-5.248937449845814562e+00 3.141692158874517204e+01 -1.047405932806420736e+01
1.019467995112013581e+00 3.283650727230402566e+01 -8.769716554391555619e+00
-1.460295065765306965e+01 1.665719311019935134e+01 -1.736186631643733591e+01
-1.083186790777536324e+00 -6.649389107552835299e+01 -3.931316206824289594e+01
-9.473000600816205985e-01 -5.802970722843927831e+01 -3.813782266541731047e+01
-1.193652479238419417e+01 -5.721640638030095261e+01 -3.948247173241887964e+01
-3.612685756028659512e+01 -3.973660260886645545e+01 -4.621580857698672418e+01
-2.721245089907046477e+01 -1.846048262731699419e+00 -3.229462800745724849e+01
-2.984302281570803572e+01 -4.729694781375395252e+01 -4.479281071860182095e+01
-4.152200701867567290e+01 -3.756183000833506203e-01 -3.508218609633950535e+01
-3.310060774370516867e+01 -8.923043538045803302e+00 -3.411321637241269400e+01
-4.661868811946654745e+01 -1.152698121019263056e+01 -4.159524411324157001e+01
-1.441796601496505836e+01 -6.519450335012307107e+01 -4.099956222738733658e+01
-1.830119299318669945e+01 1.293925094334084669e+01 -2.277540349312784329e+01
-4.158189973107165827e+01 -4.409722020028453926e+01 -5.383978565689418616e+01
-3.365067755031545005e+01 -5.222829635859231701e+01 -5.123818200945071766e+01
-4.060583008268431371e+01 -3.087563769621405285e+01 -4.549404497222764121e+01
-6.125063910449926396e+01 -1.225851802420367775e+01 -6.576395716670288039e+01
-4.828544079163771130e+01 -3.063345884930504326e+01 -5.268347902835412810e+01
-6.489521513063142777e+01 -1.647240429124643768e+01 -8.238977447933910980e+01
-3.789027357552710384e+01 -1.834753153947643867e+01 -3.794802315081118138e+01
-1.402064000158109458e+01 2.345741743158592385e+01 -2.102422655477003843e+01
-1.426914695461675464e+01 2.258078744693032380e+00 -8.933208881453639449e+00
-1.809646672203015427e+01 6.826374628834817049e-01 -1.681097932394119354e+01
-1.168752764152223733e+01 6.649862752091491913e+00 -3.692473473790066851e+00
-1.769607095844952838e+01 5.466535825083482791e+01 -2.737399678132536707e+01
-2.820903932620590027e+01 5.792314317094663778e+01 -2.569263676093981630e+01
-3.747584025366216309e+01 5.856976785046615674e+01 -2.615452902360377152e+01
-4.525509878831771005e+01 5.773146831928093548e+01 -2.914485200157070466e+01
-5.079400014551429621e+01 5.517957796562335204e+01 -3.363850011582932353e+01
-5.468523399267778018e+01 4.433289194466580341e+01 -4.546438960338544888e+01
-7.222776221536805963e+01 2.790309035188294473e+01 -7.789883398463749131e+01
-4.960464264330298079e+01 3.433086181600337028e+01 -4.155640985714320124e+01
-4.289751561377514122e+01 3.205504086562544330e+01 -3.767838165802672279e+01
-3.417660403173140082e+01 3.229420963006321443e+01 -3.491824401015033175e+01
-2.596652282465531414e+01 3.412460163239399691e+01 -3.358374831331025234e+01
-1.974204016042007837e+01 3.648922999233082010e+01 -3.302353856654413278e+01
-1.539309708220410577e+01 3.866544104954539307e+01 -3.225980647314131033e+01
-7.201941107295742484e+01 2.901382817013643844e+01 -1.032624516613136194e+02
-1.777109317997274829e+01 -1.074345019006356816e+00 -2.040702614518161795e+01
-1.008917105914270351e+01 2.114274660826473351e+01 -1.136404144727806731e+01
-9.957272974545082533e+00 1.582048025651036749e+00 -3.790916498591369699e+00
-6.458547812736754601e+00 -1.644059708764215477e+00 -6.956040569477181634e+00
-9.825395993172955755e+00 6.788278887522639637e-01 -7.154694392316183205e+00
-1.580788600188029136e+01 -3.215029315401691790e+00 -2.295524705722554160e+01
-5.352899791091258130e+00 -2.441501014798807212e+00 -5.241501293341539913e+00
-4.557390239595073389e+00 -3.651878478896166236e+00 -1.352571788065997715e+01
-1.569660615433208939e+01 4.440489217798456423e+01 -3.471454942707003966e+01
-1.188995610994844299e+01 4.232036886655377117e+01 -3.087190203659727317e+01
-9.945311593662971461e+00 4.070331294037919889e+01 -2.644292214018106790e+01
-4.707058230720249270e+01 4.750234995812063232e+01 -3.831827067124447694e+01
-4.996654173431541324e+01 4.972254269212825761e+01 -3.845367792838684551e+01
6.478836944290976341e+00 2.408832208843416822e+01 -6.237888723617038167e+00
4.907626120654729363e+01 4.467231346918627111e+01 -3.948873285408148348e+01
5.714569940294357053e+00 -2.619582939326025262e+00 -1.320840953549268981e+01
7.200075603303736216e+01 7.120112527872474573e+01 -6.676092186070648893e+01
2.903171323565828743e+01 3.851717810685324395e+01 -3.348182150426631409e+01
3.547750822924555081e+01 3.776666716161947335e+01 -3.399169602143869184e+01
4.186003683844458578e+01 3.778787602095506770e+01 -3.568307499874507016e+01
5.080382493522417064e+01 4.206386970157206662e+01 -4.091771912052922744e+01
2.391653867932622646e+01 4.038680831390070125e+01 -3.386040024999338982e+01
3.893967753806686005e+01 5.504517645557196204e+01 -2.908671859949614458e+01
3.171125469948220754e+01 5.462753165108180298e+01 -2.887560061676299128e+01
4.558932271120597335e+01 5.417017961892821631e+01 -3.135833287955793125e+01
4.991715243723731277e+01 5.205299730052297491e+01 -3.422684071255460481e+01
5.513481035126671514e+01 3.703441924498915938e+01 -4.464722789211042198e+01
2.337546201906149079e+01 -5.908917237630087271e+01 -4.600437775679606744e+01
5.162659805346162756e+01 4.662010218434525655e+01 -4.134854008408485271e+01
7.284676002885038315e+01 4.177793798572129447e+01 -7.391417335585015280e+01
6.239113508040345835e+01 4.218086046504146225e+01 -5.062793104669113831e+01
3.211246881567546296e+01 7.167709953695242220e+00 -3.121121976611270199e+01
6.604125295453048494e+00 -2.327021148442469212e+01 -1.987490902100431356e+01
5.013848945751250064e+00 -3.059824356504563525e+01 -2.395373521194904853e+01
1.403301508701876443e+01 -2.544591326454039049e+01 -2.411844711042445510e+01
1.851877702994020325e+01 -2.817561016801217377e+01 -2.920811910160262670e+01
1.026612821509298712e+01 -3.090351418889755308e+01 -2.652619612146766315e+01
1.441761781366642658e+01 -3.146136880387566848e+01 -3.118588416113065520e+01
2.713886521564965904e+01 -3.814770974734139486e+01 -4.158251780087351790e+01
5.344291396456751997e+00 2.467278067678672915e-01 -4.933684069229379854e-01
6.529403902558274631e+00 7.079272079601374834e+00 2.342347443938563867e+00
5.996968543088804182e+01 5.943199046735616520e+01 -3.479189083456698484e+01
2.027307833386718627e+01 2.562959136899430490e+01 -2.765029442135364945e+01
1.985668158842487330e+01 2.438780123827640978e+00 -1.707951766566555207e+01
2.050439182620537437e+01 6.390991316542390166e+00 -1.871541338132071886e+01
5.064518920963604387e+01 8.175372810340482133e+00 -3.951721518155650159e+01
6.516568447297758304e+00 1.622116121797688137e+01 -7.779705163405352675e-01
4.508244273256024570e+01 6.589773342080596308e+01 -2.233246563410411767e+01
5.403717270966483710e+01 6.396220905084631880e+01 -2.772767781158681544e+01
6.653487087597366667e+01 8.283453536640521975e+01 -5.164836138455692094e+01
1.596496239772916503e+01 5.994375027027778913e+01 -1.741904213596665585e+01
2.566673581597753540e+01 5.259114476594022136e+01 -3.108854659739475679e+01
3.177982949184454142e+01 -3.153231150334638500e+01 -4.221138034977628450e+01
6.222150249905667607e+01 -2.049198223659778506e+01 -1.022165249881828260e+02
1.505433457437217726e+01 -1.383891767117983118e+00 -2.003974549182759191e+01
9.894933860185984642e+00 -3.577419748620573436e+00 -1.969044125776933640e+01
2.401749960224280045e+01 -3.242853025990542193e+01 -4.118583126485421531e+01
2.094615004094082522e+01 -3.179715781948763009e+01 -3.911175930125074984e+01
5.780030594339964978e+01 6.867468520362159268e+01 -3.012846801213412462e+01
1.977614012843073965e+01 -6.565834406773122245e-01 -2.114646820174327502e+01
3.265732521525460186e+01 6.513849405427959027e+01 -1.859176244562555524e+01
3.411308009784968931e+01 7.087150574774925360e+01 -1.634905055926844142e+01
4.093764361303242794e+01 9.812799704651230570e+01 -2.397825265582891419e+01
6.206638633226058488e+01 7.594200123667421565e+01 -3.910090002470092685e+01
3.694947637639096172e+01 8.481980141987712329e+01 -1.959512658706811550e+01
6.386551548249663313e+01 6.265625410845272825e+01 -4.001294766710364570e+01
6.793349361811714004e+01 6.651031640980941972e+01 -5.237920890002027363e+01
5.881800192371148484e+00 -2.761938125468874716e+01 -2.111010802883788884e+01
1.193014809373417684e+01 -2.889339213261677131e+01 -2.501375899174753670e+01
1.651454888615757355e+01 -2.996736475175199743e+01 -2.960918480538999376e+01
1.336759064813092124e+01 -2.668851914438902906e+00 -2.150870007383098681e+01
2.234100083807396331e+01 -3.228052938042107911e+01 -4.000668749966937554e+01
2.002355939216059966e+01 -3.354397195147925714e+01 -3.623714196514754349e+01
2.033522976492768208e+01 -3.116619249752430676e+01 -3.887942844492480532e+01
1.185470059166769730e+01 9.741287155574770429e-01 -1.043036211532002611e+01
1.309781647152200712e+01 -3.091624185954441728e+01 -3.240151361440384647e+01
9.003526757501502331e+00 -3.122816602176774126e+01 -2.945419618793156502e+01
4.189779229307895037e+00 -3.145684198632178408e+01 -2.709382344018642286e+01
7.543656325543961039e+00 -5.017566687064110909e+01 -3.676894583492795476e+01
6.795294296793334077e+00 -4.436943313503493869e+01 -2.849748933872820800e+01
6.314137745123885814e+00 -4.009211074508924355e+01 -2.672103097479896050e+01
5.727333491942310673e+00 -3.599468250779866452e+01 -2.741582987185818610e+01
5.134922223951245535e+00 -3.318462810129028639e+01 -2.813347834692044458e+01
1.460623902984114864e+01 -3.224517432561524544e+01 -3.323118638113027146e+01
1.556576717428996659e+01 -3.331541587882316691e+01 -3.233393567581808981e+01
1.703156123919081111e+01 -3.537658049732311127e+01 -3.191489071343060857e+01
1.843672230404664703e+01 -3.775079217232985940e+01 -3.357700536149610571e+01
2.507677902507096235e+01 -1.933611338151959202e+01 -3.062128703863229973e+01
7.086007371688478429e+01 1.327932890502436258e+01 -1.067085481260963036e+02
1.732273096135371304e+01 -3.195879222325245550e+01 -3.661161805265555813e+01
1.850792043776221263e+01 -3.263625069015080271e+01 -3.605249492125983579e+01
7.644141311135235206e+00 -6.836694312033364973e+00 -2.004640336009351387e+01
1.745647196919674826e+01 -4.996117537398654385e+00 -2.653092488405756910e+01
8.693933904735388296e+00 -5.287791287848316202e+00 -1.963294428941405556e+01
2.659634058637279708e+01 2.147570688397425442e+01 -3.071213810072456596e+01
3.679288833146194548e+01 1.637447943331103417e+01 -3.330947023164237919e+01
2.127753359694825974e+01 3.273949224626228727e+00 -2.287938184955402932e+01
5.664559616524387309e+01 9.206239110033159534e+01 -3.648140597964837895e+01
5.228790108441668849e+01 8.241460349532292184e+01 -2.850105612752781781e+01
4.764305798731839303e+01 7.160237275216391595e+01 -2.258430741034144873e+01
2.216330814578646979e+01 -4.268687691543389917e+01 -3.935334585535641594e+01
1.839276328058104326e+01 6.902359634049622628e+01 -1.333654497298924468e+01
2.082317472411709858e+01 8.497380634597593030e+01 -1.466139276468511810e+01
2.353982264288388393e+01 1.010017243359910282e+02 -1.681980287118777184e+01
4.748732112314014842e+01 3.919935058049847498e+01 -3.841205276723282225e+01
6.132358462711863467e+01 3.181683742363986411e+01 -4.899651255885892454e+01
2.080804221793222553e+01 4.221046817293509434e+01 -3.460681853406963882e+01
5.658802536739494116e+01 5.054425323544132453e+01 -3.990629131811945740e+01
1.612588284877919165e+01 3.023186909183075244e+01 -2.462090859388854724e+01
1.628725286787692639e+01 5.009777049576439545e+00 -1.004494679062322327e+01
6.731027654519873238e+01 2.751922156105414530e+01 -5.719221326594721688e+01
5.677691531588502016e+01 2.623131828383676734e+01 -4.375251128232239495e+01
4.836638086680012094e+01 2.314738007068864434e+01 -3.790974825397874071e+01
3.618944245025600281e+01 2.462064400252977237e+01 -3.489500624175462917e+01
2.732738124096724164e+01 2.794861054671030232e+01 -3.306835234484390185e+01
2.093057157559245951e+01 3.135672381183279001e+01 -3.064811239780324215e+01
7.763243371167761531e+00 3.927772832564338756e+01 -1.621895707295532318e+01
6.511678093345928175e+01 1.248407260617288728e+01 -5.750955166235055316e+01
6.164785971260400288e+01 5.160499623496868793e+01 -4.281686832010276333e+01
2.987395043457890420e+00 -3.082924161472357039e+00 -4.273116538911900797e+00
1.925066148693248280e+01 1.816591968818807956e+01 -2.592049915081598499e+01
7.459409558335592294e+01 4.326600735137572684e+01 -9.653530205297708733e+01
1.627179541087445713e+01 3.505128747915577492e+01 -2.911798786522022908e+01
2.189931993254263176e+01 3.066809079764619916e+00 -2.980555144288472746e+01
5.329891563230442131e+01 4.610020865510411880e+01 -4.274831641858283859e+01
1.675418078887846463e+01 9.748329624491672618e+00 -1.211901710246761077e+01
6.767114400730896762e+01 -3.124490816390729009e+00 -1.062377132552546470e+02
2.118275529308763083e+01 4.497568568477429096e+01 -3.589636842950130813e+01
1.197106280113009547e+01 1.378589525595483778e+01 -5.112436639440641528e+00
4.890310840355621025e+01 -4.033749803472904460e+01 -6.821070497448572212e+01
4.835068909802113524e+01 -4.623987376498816104e+01 -8.168345356722326756e+01
7.070348413634897611e+01 1.274830995770959596e+01 -8.197903407698636613e+01
5.621139374895225416e+01 -2.998465034483813696e+01 -7.547474904787019057e+01
7.067708885677997444e+01 5.518663997049880265e+01 -6.489336428720987726e+01
2.469774066351758890e+01 -6.526222950285418278e+01 -5.121811270769389068e+01
2.495866016962597467e+00 -4.236398367540570753e+00 -1.357378096665447309e+01
2.457222936165050342e+01 1.286263256116195386e+01 -2.910799655350949067e+01
6.734660096954154085e+01 4.113474595788112254e+01 -5.751803903650127836e+01
4.194612687238402771e+01 4.233154601336939038e+01 -3.585582187786827291e+01
3.604391042811381851e+01 4.188996878001388069e+01 -3.432966634698023256e+01
2.170262299462754996e+01 -3.484635023778029250e+01 -3.762696904985192248e+01
6.249256516652827287e+01 -1.138144582908615199e+00 -6.187424733521319098e+01
1.291956880309329492e+01 -7.485539250637717146e+01 -5.474382426250520695e+01
3.187287020436681573e+01 -6.346378552767221493e+01 -6.608568272959935541e+01
3.958366531255958876e+01 -5.631368312120052622e+01 -7.283512417334125644e+01
3.053025597642446343e+01 4.244220982758191951e+01 -3.394887848097634730e+01
2.559662139897893951e+01 4.373889332160101873e+01 -3.471969599405560558e+01
2.260075305096797038e+01 4.442232842448450469e+01 -3.593462911141330807e+01
6.600360788017418656e+01 5.323853163183191839e+01 -4.944433435042822111e+01
2.670129974868260092e+01 4.945468640854738140e+01 -3.289924661912673542e+01
3.227467118273928293e+01 5.118922896175149617e+01 -3.151883188144931580e+01
3.822435687833396400e+01 5.157659532358789534e+01 -3.191773963966357641e+01
4.426790212949553194e+01 5.053955792759460763e+01 -3.358523245109921618e+01
4.796075399502833392e+01 4.883558531444725759e+01 -3.591999155677980582e+01
7.455134937753237523e+01 5.873303004549180883e+01 -8.292060403655935374e+01
4.608842293704189785e+01 4.340107335787668319e+01 -3.778550337664523795e+01
1.986582713234259145e+01 -1.528632358860276597e+01 -2.698733019690940438e+01
1.521020460626325388e+01 -2.381488548902874203e-01 -1.718293968747182987e+01
8.167892718223813020e+00 -1.302808292321482142e+01 -2.090175835877358423e+01
4.122130901584963425e+01 -4.999864624981393746e+01 -6.296505333277397654e+01
3.334877744128544208e+01 -5.754845068804809927e+01 -5.748404549874100411e+01
1.337869451229059337e+01 -7.118467246347502453e+01 -4.554862532418818688e+01
5.552790723272404705e+01 -3.504771757841837854e+01 -9.275278720653668074e+01
2.292231054839181326e+01 4.682881948251657889e+01 -3.459368326233833102e+01
1.169773615474818840e+01 2.768336051726629421e+01 -1.560116176611175298e+01
2.330080648985507707e+01 -7.001151505942611664e+01 -5.910083508180542111e+01
6.736183825025025840e+01 -2.224754789260844134e+00 -8.332513817195260231e+01
1.035150219285231898e+01 -3.264786259825602599e+01 -3.038684004328056787e+01
1.132156628434740142e+01 -3.467103739541067853e+01 -2.944928914591861968e+01
1.243308149158995590e+01 -3.775314433771043099e+01 -2.907427678940329940e+01
1.343857152765045626e+01 -4.158402487202012310e+01 -3.074759153866093442e+01
1.571819552953240340e+01 -4.694216430656899774e+01 -3.724501097420080953e+01
1.806851232757190928e+01 -3.163968865148208920e+01 -3.529343762860465716e+01
2.004568964161375888e+01 -3.119687801031185614e+01 -3.517169940954540408e+01
2.198095516210618428e+01 -3.018483055647072533e+01 -3.497921858041624432e+01
2.923318668058813685e+01 -2.508443776025785610e+01 -3.590634825086871729e+01
5.382701983983123739e+01 -6.122712407454912409e+00 -4.868539118254296483e+01
1.196750433607344632e+01 3.521181692236102379e+01 -2.086455615600101865e+01
1.594030337836993105e+01 4.905851317389107180e+01 -3.019586232345956489e+01
2.003976754139286243e+01 4.824050480696440246e+01 -3.299156712221456900e+01
1.673768787629460775e+01 -3.062114937149936367e+01 -3.615922810953089339e+01
5.371478251122259451e+01 -2.186164699754402108e+01 -6.110868264455074694e+01
1.016010039534095633e+01 4.893715548271762117e+01 -2.179430010458375477e+01
1.978771540969895781e+01 -5.281114879940166418e+01 -4.226973678193338202e+01
7.222421884396506009e+00 3.132927005045794999e+01 -1.043518255793388150e+01
1.540268681841859433e+01 1.627330594599340330e+01 -1.715371650728584640e+01
1.001824214016353487e+01 -5.708865809045610007e+01 -3.929162480022778681e+01
3.399277259602175150e+01 -3.985352500687730526e+01 -4.614168138341793224e+01
2.706774575939840588e+01 -2.637926030208143757e+00 -3.194325357478218663e+01
2.761614955840050811e+01 -4.722897189446965882e+01 -4.460204407280220806e+01
4.129974504706499516e+01 -1.176254935123476786e+00 -3.503758473869514489e+01
3.246322183354912738e+01 -9.712715080209086693e+00 -3.390219878009276755e+01
4.562159909118332735e+01 -1.224864398922687947e+01 -4.165299958162283644e+01
1.242350164354650843e+01 -6.495138017444935485e+01 -4.092200613774324580e+01
1.877042196646554117e+01 1.233057003663967954e+01 -2.261093985118038674e+01
3.953088725969119110e+01 -4.379405222458337477e+01 -5.369231142840077098e+01
3.158798354409817222e+01 -5.176576788791364692e+01 -5.090541897586510345e+01
3.875610181708839264e+01 -3.127729429618898749e+01 -4.565835003579420004e+01
5.988136430251223175e+01 -1.261067024911109513e+01 -6.601911361881025186e+01
4.624301505764342579e+01 -3.076403524174562065e+01 -5.275856529704496722e+01
6.318783790874454098e+01 -1.627359410415379060e+01 -8.262118545967753391e+01
3.657728489608338407e+01 -1.915601965882097346e+01 -3.795136580296472317e+01
1.543256799979814531e+01 2.306613693649414643e+01 -2.110748521541712108e+01
1.394583244872635142e+01 1.978354820145508786e+00 -8.840664415546958921e+00
1.784176204671425481e+01 1.547440632319769249e-01 -1.646130842618241630e+01
1.185348419242444606e+01 6.460995316883574091e+00 -3.512967136975061688e+00
2.119831372938058678e+01 5.465705917113950818e+01 -2.729839604906473838e+01
3.184882922897369539e+01 5.809390830452438337e+01 -2.568898904399702587e+01
4.122206655659309149e+01 5.878702727347027945e+01 -2.631518251640170192e+01
4.897640081043257965e+01 5.794049989986122284e+01 -2.924350936540722046e+01
5.420169784463936935e+01 5.545514913965470072e+01 -3.367745613311980435e+01
5.711717950832505153e+01 4.418943375619302572e+01 -4.548176006391440751e+01
7.275091089718391402e+01 2.737101403952390655e+01 -7.827591725466004391e+01
5.155021229968005514e+01 3.377237164039101458e+01 -4.167126066664027206e+01
4.469297734499996011e+01 3.145880345127380551e+01 -3.787545817031793405e+01
3.605863169908050025e+01 3.173969470229238254e+01 -3.517270753661087213e+01
2.802118821975820850e+01 3.370407640063216803e+01 -3.387031672853674991e+01
2.211403396727585502e+01 3.613528937364982596e+01 -3.319952446549683600e+01
1.800339699787825154e+01 3.837107080684352667e+01 -3.245333029694520377e+01
7.279697919022466124e+01 2.845733125160657551e+01 -1.038808342914191343e+02
1.741662712952004455e+01 -1.717198116572440147e+00 -2.004066637265651352e+01
1.141199219776616580e+01 2.094930753174213223e+01 -1.131359771046579610e+01
9.764441607376751264e+00 1.467087233182417405e+00 -3.637764040057753334e+00
5.985112434957110317e+00 -1.713398074828352380e+00 -6.775613064349205850e+00
9.513534772390633165e+00 5.861285769530562018e-01 -7.031067287887732498e+00
1.552625136681526463e+01 -3.871656210762295380e+00 -2.253978120662521434e+01
4.934876014786870435e+00 -2.504699236594559952e+00 -5.118866402490517054e+00
4.391601626682964721e+00 -3.738185159045118056e+00 -1.338082054261863618e+01
1.883059248863136759e+01 4.424497359605414459e+01 -3.483544173334095007e+01
1.476967230416688359e+01 4.206857359129322305e+01 -3.098136805476585209e+01
1.264934034364866555e+01 4.046916026473399342e+01 -2.653924374383257145e+01
5.005337969016085964e+01 4.758114208190133354e+01 -3.834802151750444210e+01
5.305702835283621965e+01 4.986445963578229623e+01 -3.834187332359142886e+01
